000002.mimg
000003.mimg
000004.mimg
000005.mimg
000006.mimg
000007.mimg
000009.mimg
000010.mimg
000011.mimg
000012.mimg
000015.mimg
000016.mimg
000017.mimg
000021.mimg
000024.mimg
000027.mimg
000029.mimg
000030.mimg
000031.mimg
000033.mimg
000035.mimg
000036.mimg
000037.mimg
000039.mimg
000040.mimg
000044.mimg
000047.mimg
000048.mimg
000050.mimg
000051.mimg
000053.mimg
000054.mimg
000055.mimg
000056.mimg
000059.mimg
000062.mimg
000063.mimg
000065.mimg
000066.mimg
000067.mimg
000069.mimg
000070.mimg
000071.mimg
000072.mimg
000073.mimg
000077.mimg
000079.mimg
000080.mimg
000082.mimg
000084.mimg
000086.mimg
000087.mimg
000088.mimg
000089.mimg
000091.mimg
000093.mimg
000094.mimg
000095.mimg
000097.mimg
000100.mimg
